0,424
0,423
0,422
0,421
0,420
0,419
0,418
0,417
0,416
0,415
0,414
0,413
0,412
0,411
0,410
0,409
0,408
0,407
44,4
44,3
44,2
0,406
44,1
44,0
0,405
0,404
43,3
43,2
0,403
43,1
43,0
0,402
42,3
42,2
42,1
42,0
41,3
41,2
41,1
41,0
40,3
40,2
40,1
40,0
39,3
39,2
39,1
39,0
36,2
36,0
38,3
38,2
38,1
38,0
32,2
32,0
37,52
37,51
37,50
37,49
37,48
37,47
37,46
37,45
37,44
37,43
37,42
37,41
37,40
37,39
37,38
37,37
37,36
0,278
0,9
31,2
31,0
31,1
31,3
32,1
32,3
29,1
29,3
37,35
36,1
36,3
3,2
10,112
10,116
10,25
10,158
10,104
10,188
10,173
10,2
10,3
11,20
11,16
11,10
11,17
11,15
11,2
11,3
9,4
9,6
9,2
9,3
8,9
8,10
8,6
8,7
8,2
8,3
12,2
12,1
12,3
20,2
20,1
20,3
19,2
19,1
19,3
11,30
11,29
11,28
11,27
11,26
11,25
11,24
11,23
11,22
11,1
11,21
10,316
10,315
10,314
10,313
10,312
